-0.1277469
1.476463
2.817928
3.975199
2.050915
3.6171
-0.1306891
2.246217
1.387243
2.892416
2.981751
2.132541
0.3524787
0.7199682
2.198286
161.5355
1.526955
2.474141
3.140461
1.678443
2.35527
1.510101
1.14057
1.248413
1.902376
1.397639
4.668871
14.3913
2.463106
2.064513
2.75635
1.443287
-79.88328
1.636275
4.820229
2.717296
1.417124
0.9519619
0.9300015
1.516365
2.395753
2.624617
1.981033
1.568519
2.835241
2.109684
2.599096
3.211965
2.290592
2.3042
3.877012
1.223194
2.090632
1.89258
3.466365
2.056369
1.646003
2.276377
3.896454
2.665749
4.776737
10.28628
2.468221
-33.55696
3.044484
3.166875
2.329747
-0.7451183
-0.569752
1.890902
5.600946
2.877353
1.613673
1.401819
2.52854
3.411286
2.908477
7.012306
2.830673
2.558192
2.1659
2.034127
2.300598
2.296708
0.6850941
2.391768
-2.394565
1.248046
1.664594
-0.5238692
2.2845
-1.797351
2.128118
-9.11431
3.097492
0.8202729
0.2502437
0.992219
2.017529
2.511488
2.012149
0.1403513
2.430276
0.4177629
2.107195
2.002073
1.970547
1.366962
0.7190487
1.013508
0.9215193
2.096815
3.606089
1.822908
1.12182
-0.5562377
2.474657
2.172224
1.719004
2.637212
3.86996
3.256974
1.705217
3.03299
2.585567
3.159769
2.83864
3.568774
4.396505
2.042855
2.134908
3.911903
1.72419
2.113304
1.081074
2.160043
1.971625
2.314998
1.441549
1.614335
1.178689
2.826761
0.4004232
0.09702819
2.345599
8.439112
2.839237
1.889029
-34.16613
2.924739
-0.01426492
-3.342929
0.08249157
2.395278
2.985661
3.595809
2.363032
4.574267
-0.796014
1.636012
2.450094
0.8445369
2.580927
-30.65933
2.031964
1.594935
11.10097
2.626417
2.518712
2.201079
3.367082
1.069875
2.418328
0.8745393
3.401428
2.392318
2.960947
1.980452
2.703814
0.1673308
-3.160154
1.648081
1.686016
2.286283
1.999232
5.399957
-0.1146245
-0.01776353
2.441064
4.126063
3.445412
3.829403
4.525503
2.974996
1.701746
2.733625
3.084702
1.393656
2.104813
3.636243
