          NA   0.46545694
  6.99291725   1.66480580
          NA   1.27950085
  3.50277800   3.42743177
-13.16224080   5.62891187
 13.12367094  -0.83731927
          NA   0.41143774
-16.49709649   4.16384833
 21.32226344   1.37172481
 13.88180039   4.67142770
 -2.94717031   0.38076009
          NA   1.20854897
          NA  -3.79444587
          NA   1.08534097
  2.27257996   4.27707744
 19.92203791   0.85718083
-10.47551847   6.33485796
 -9.42010673   0.98289751
 -6.15332632   1.90967348
  0.40678793   0.52887180
 -6.71201578   1.42853068
  9.25912597   1.17851456
 -0.29689514   0.90601776
  9.75749647  -0.13949087
 18.80396424  -0.89531399
 -8.94373778   4.71382056
 -5.28724951  -1.00338790
          NA   0.87121758
          NA   1.71857289
 20.57740058   4.27881298
          NA  -0.02243200
-16.95859156   2.97145978
          NA   0.65272637
 17.21695431   1.97774479
 16.74302960   5.10403616
          NA   0.13387646
-13.49281130   0.80881309
 11.12494443   1.74995880
          NA   0.66147945
 16.77827210   2.59281553
-16.59799406   3.47132165
 21.64210311   0.37031177
-17.85287945   6.21640413
          NA   2.60648422
-10.09527544   3.81028501
-13.21615272   0.48389749
-13.67638191   1.54455345
 17.66271296   3.15649631
          NA   4.32990437
 12.02461777   1.37571714
-14.66378139   0.59667589
          NA   1.57231922
 21.58453352   1.01829432
 -0.01973328   0.04967133
          NA   1.72907757
 -6.69474227   0.95380505
 14.64745217   0.61890662
  4.11642953  -0.06242639
-12.08696152   0.69416317
          NA   0.60337617
          NA  -0.75046845
 -7.35399759   1.83920541
 -6.29189830  -0.90723882
 -8.61878695   0.63634808
 20.24934862   1.84580175
          NA   0.97837869
          NA   3.53885824
 -9.05211619   0.67907802
          NA   0.33905145
 -5.44087283   2.35577305
 -6.25233585   0.79573420
 -9.30074260   1.82849903
-11.91380220   0.22162194
  4.16103449   0.51704812
          NA   1.70316004
 15.81812300   0.08708917
  7.91806352   4.06729527
 -4.74276913   0.63462879
          NA   1.90200381
 14.58238869  -0.85611034
 19.12268905   1.97671360
-11.79974485   2.49018804
          NA  -0.55574678
  1.07098683   4.73193463
 12.89494575   2.20241903
          NA   2.03951282
          NA   2.87118763
          NA   2.60574474
-16.75868391   2.08960568
 -9.72905974   0.88439369
 16.13427514   1.08671553
  8.81844031   3.93036679
 11.85326487   1.35499291
          NA   1.59657745
 18.34709015   1.98810751
 15.74308670   2.45144650
-17.12110935   3.24848481
  3.99526669   3.49006100
 -0.83409909   2.30441611
 16.75917158   1.79470946
          NA   1.41254480
-18.65352135   0.26696986
-16.07765517   1.51865888
-16.26214719   1.43353186
-10.42046888   0.95865120
-15.77133000   1.05062360
          NA  -3.47130375
  3.60692730   0.72763759
 -6.84960241   2.74616709
-16.55114473   1.79229076
-14.06253130   0.56584763
          NA   3.62326514
 18.10014363  -0.18811775
          NA   2.34413954
 -5.06204528   0.85685079
 11.46332680   3.70743328
-10.41461558   1.18674498
          NA   1.21625979
          NA   0.79819299
          NA   2.43468142
  4.77184431   3.31662565
  9.47562500   1.08594966
          NA   3.20317508
          NA   0.47979148
  9.58302542   1.78392286
          NA   1.59608024
 11.93833849   0.96277244
          NA   0.11430344
          NA   0.43986710
  5.74966983   0.65742275
-14.44410668   1.40029348
 -0.78754031   1.47901822
  0.39456806   0.93007735
 15.91977499   0.03677110
          NA  -0.13432385
-14.99415594   0.71020399
 16.43682599   0.42737295
  1.47600334   0.74328501
-13.38824197   3.29579342
 13.52881351   3.01105178
-18.72705841   0.55894983
          NA   1.78346150
  4.94508169   1.24834982
 18.39894336   2.61843027
 20.16789151   5.22105024
  5.60412474   1.52202230
  0.16023119  -0.48528970
  7.93643011   3.67661708
  2.75201033   4.40171139
          NA   4.53454227
 15.49778872   1.74816940
  3.19434243   5.22623499
  0.42325923   3.64293166
  9.01539916  -0.49984891
          NA   2.69270346
          NA   2.68826414
 18.02274617   1.67573616
  4.25088234   4.69289315
 20.91244644   0.95324445
          NA   0.51400896
 -4.17656489   1.86042875
-19.93831639   1.37403155
 -3.07465868  -1.00146689
-14.80878817   1.53126736
 14.61710406   3.52547988
 -0.93403505   2.54283127
 12.12150225   1.76385742
 15.39338227   1.86029257
-18.30710744   0.31309784
 11.57030157   4.81927941
 20.81886304   2.96086777
          NA   0.04506652
  0.48612898   1.63673642
          NA   0.55140801
-10.02863293   2.71441835
 -4.50017920   4.84656611
 18.41598593   0.41659676
  1.10297026   1.32075390
 18.51982416   1.10742279
 -8.31912495   2.62147686
 -5.54505114   1.84421171
  2.55093268   0.06936465
          NA   1.77239362
-19.15592774  -0.48930599
-17.41465405   3.04582367
          NA   0.10181179
 -5.75100157  -0.33684516
 -1.48955371   1.03045190
 -9.37673273   1.67001533
-13.17785192   0.91118112
 -9.65324711   2.94534190
 10.68025373   0.08588733
          NA   3.00493615
-19.12671430   1.27569063
          NA   1.15683898
          NA   1.24779796
          NA   3.94851063
          NA   0.55941792
          NA   1.73593446
-10.87278685   1.16661031
